position,lastname,firstname,nationality,age,"date of birth","WST Rider ID","fis code","number of results",points
1,Gold,Taylor,USA,25,"1993-11-17 00:00:00",76866,9530459,"3 / (9)",882.80
2,Bretz,Gregory,USA,28,"1990-12-19 00:00:00",74788,9530058,"3 / (7)",858.51
3,Hiraoka,Taku,JPN,24,"1995-10-29 00:00:00",82297,9300507,"3 / (9)",847.16
4,Hirano,Ayumu,JPN,20,"1998-11-29 00:00:00",79046,9300658,"3 / (6)",833.53
5,Vito,Louie,USA,31,"1988-03-20 00:00:00",64517,7535030,"3 / (5)",831.50
6,Podladtchikov,Iouri,SUI,31,"1988-09-13 00:00:00",66812,9510223,"3 / (6)",754.10
7,Longo,Arthur,FRA,31,"1988-07-21 00:00:00",23085,1753372,"3 / (7)",717.87
8,Davis,Danny,USA,31,"1988-06-22 00:00:00",60369,9530002,"3 / (7)",699.83
9,Ferguson,Ben,USA,24,"1995-01-21 00:00:00",76852,9530659,"3 / (7)",697.86
10,James,Scotty,AUS,25,"1994-07-06 00:00:00",74836,9040117,"3 / (9)",691.63
11,Habluetzel,David,SUI,23,"1996-04-24 00:00:00",76229,9510324,"3 / (5)",683.35
12,Haller,Christian,SUI,30,"1989-10-28 00:00:00",40293,7510051,"3 / (9)",656.82
13,Aono,Ryo,JPN,29,"1990-05-15 00:00:00",73914,9300018,"3 / (7)",641.92
14,Korpi,Janne,FIN,33,"1986-02-05 00:00:00",39070,1184963,"3 / (7)",608.19
15,Nedefuji,Ayumu,JPN,25,"1994-04-07 00:00:00",76764,9300462,"3 / (7)",603.81
16,Zhang,Yiwei,CHN,27,"1992-10-03 00:00:00",80528,1124933,"3 / (8)",597.59
17,Farrow,Benji,USA,27,"1992-03-08 00:00:00",74227,,"3 / (7)",582.50
18,Callister,Kent,AUS,24,"1995-11-09 00:00:00",80780,9040186,"3 / (5)",581.41
19,Sato,Syuhei,JPN,32,"1987-09-07 00:00:00",73938,7300000,"3 / (8)",578.07
20,White,Shaun,USA,33,"1986-09-03 00:00:00",40091,1665393,"2 / (2)",577.43
21,Ravnjak,Tim-Kevin,SLO,23,"1996-11-05 00:00:00",75550,9560152,"3 / (7)",559.23
22,Baisamy,Johann,FRA,30,"1989-05-18 00:00:00",47057,7326738,"3 / (6)",501.63
23,Scherrer,Jan,SUI,25,"1994-07-11 00:00:00",63890,9510228,"3 / (5)",493.51
24,Pates,Jake,USA,21,"1998-07-30 00:00:00",82989,9530983,"3 / (6)",492.32
25,Lago,Scotty,USA,31,"1987-12-11 00:00:00",72253,,"3 / (6)",481.51
26,Ferguson,Gabe,USA,20,"1999-04-16 00:00:00",76868,9531061,"3 / (5)",477.95
27,"Van der wal",Dolf,NED,32,"1987-07-21 00:00:00",72741,1404958,"3 / (6)",467.17
28,Johnstone,Nathan,AUS,29,"1990-02-09 00:00:00",72769,7040113,"3 / (3)",462.64
29,Josey,Chase,USA,24,"1995-03-31 00:00:00",78302,9530715,"3 / (7)",431.24
30,"De Jong",Dimi,NED,25,"1994-09-01 00:00:00",72123,9400005,"3 / (4)",426.42
31,Fujita,Kazuumi,JPN,29,"1990-07-04 00:00:00",73915,,"3 / (4)",417.09
32,Lee,"Kwang Ki",KOR,26,"1993-10-13 00:00:00",79924,9320033,"3 / (7)",416.98
33,"O Connor",Seamus,IRL,22,"1997-10-04 00:00:00",75808,1274973,"3 / (5)",410.63
34,Malin,Markus,FIN,32,"1987-05-28 00:00:00",18493,1184968,"3 / (6)",395.82
35,Anai,Ikko,JPN,21,"1997-12-17 00:00:00",82290,9300617,"3 / (5)",394.53
36,Yoshida,Masakaze,JPN,24,"1994-11-22 00:00:00",76149,9300492,"3 / (7)",391.20
37,Shi,Wancheng,CHN,29,"1990-08-13 00:00:00",77443,1124910,"3 / (5)",387.67
38,Kudo,Kohei,JPN,29,"1990-02-09 00:00:00",70324,9300011,"3 / (3)",385.12
39,Lipscomb,Crispin,CAN,40,"1979-08-07 00:00:00",31777,,"3 / (5)",377.83
40,Martin,Brad,CAN,33,"1986-08-12 00:00:00",48370,7100058,"3 / (5)",377.35
41,Laari,Ilkka-Eemeli,FIN,30,"1989-05-29 00:00:00",69456,9180024,"3 / (6)",372.11
42,Black,Zachary,USA,,,72285,9530120,"3 / (3)",369.48
43,Esser,Brett,USA,27,"1992-10-12 00:00:00",72779,9530372,"3 / (5)",356.06
44,Kondo,Alexander,USA,25,"1994-08-21 00:00:00",80766,9530793,"3 / (7)",350.74
45,Jacobson,Nathan,USA,21,"1998-03-29 00:00:00",84013,9530976,"3 / (6)",341.47
46,Mitrani,Luke,USA,29,"1990-07-20 00:00:00",40200,,"2 / (2)",333.15
47,Miller,Toby,USA,19,"2000-02-14 00:00:00",83042,9531142,"3 / (4)",331.59
48,Livingston,Derek,CAN,28,"1991-01-05 00:00:00",79209,9100194,"3 / (5)",331.47
49,Hosokawa,Kosuke,JPN,29,"1990-10-30 00:00:00",73930,,"3 / (3)",330.61
50,Hoepfl,Johannes,GER,24,"1995-08-12 00:00:00",77864,9200089,"3 / (6)",313.81
51,Kralj,Jan,SLO,24,"1995-03-03 00:00:00",75835,9560151,"3 / (5)",300.36
52,Jones,Quinton,USA,23,"1996-08-14 00:00:00",81825,9530785,"3 / (5)",299.04
53,Suwa,Hiroki,JPN,38,"1981-05-05 00:00:00",72738,,"3 / (4)",296.37
54,Wachendorfer,Ryan,USA,23,"1996-02-03 00:00:00",81197,9530811,"3 / (8)",289.24
55,Pettit,Robert,USA,24,"1995-09-19 00:00:00",82543,9530913,"3 / (6)",288.10
56,Kim,"Ho Jun",KOR,29,"1990-05-01 00:00:00",79955,9320004,"3 / (5)",280.76
57,Avtaneev,Nikita,RUS,24,"1995-03-09 00:00:00",86316,9480374,"3 / (7)",278.46
58,Koch,Lucien,SUI,23,"1996-01-02 00:00:00",77404,9510323,"3 / (3)",277.51
59,Kharitonov,Pavel,RUS,,,68522,9480058,"3 / (5)",267.03
60,"De Buck",Sebbe,BEL,24,"1995-03-14 00:00:00",75856,9060003,"3 / (4)",266.16
61,Tonteri,Roope,FIN,27,"1992-03-18 00:00:00",71927,9180063,"3 / (3)",264.53
62,Piiroinen,Peetu,FIN,31,"1988-02-15 00:00:00",64518,1184978,"2 / (2)",260.22
63,Katayama,Raibu,JPN,24,"1995-05-04 00:00:00",83805,9300545,"3 / (3)",259.35
64,Smalley,Carter,USA,23,"1996-05-24 00:00:00",79369,,"3 / (5)",257.03
65,Shaw,Spencer,USA,26,"1993-01-29 00:00:00",19996,,"3 / (3)",250.93
66,Gardner,Drayden,USA,20,"1999-10-04 00:00:00",77878,9531062,"3 / (5)",250.32
67,Bagley,Hamish,NZL,,,85283,,"3 / (3)",250.15
68,Harington,Dom,GBR,35,"1984-06-04 00:00:00",74775,,"3 / (6)",246.77
69,Barrett,Tanner,USA,24,"1995-07-14 00:00:00",79383,,"3 / (5)",238.88
70,Verges,Ruben,ESP,32,"1987-03-11 00:00:00",72608,,"3 / (5)",237.30
71,Tarasov,Sergey,RUS,31,"1988-09-05 00:00:00",68730,9480026,"3 / (6)",236.31
72,Ligocki,Michal,POL,34,"1985-10-31 00:00:00",42068,,"3 / (7)",234.96
73,Hermann,Yannick,SUI,22,"1997-01-05 00:00:00",86706,9510351,"3 / (5)",233.86
74,"KRALJ KOS",Max,SLO,,,81399,9560168,"3 / (5)",233.33
75,Kilner,Ben,GBR,31,"1988-08-21 00:00:00",72478,1224939,"3 / (5)",231.71
76,Ciccarelli,Michael,CAN,23,"1996-09-04 00:00:00",79384,9100401,"3 / (6)",224.61
77,Hunt,Chandler,USA,21,"1998-11-04 00:00:00",81146,9530994,"3 / (4)",223.98
78,Osanai,Shuhei,JPN,24,"1995-01-25 00:00:00",76633,9300502,"2 / (2)",222.90
79,Baisamy,Timothe,FRA,,,84729,9190341,"3 / (3)",222.24
80,Stante,Tit,SLO,21,"1998-10-11 00:00:00",80748,9560193,"3 / (6)",219.09
81,Kweon,Leejun,KOR,22,"1997-10-24 00:00:00",86412,9320093,"3 / (7)",217.75
83,Sandbech,Staale,NOR,26,"1993-06-03 00:00:00",74165,9420072,"3 / (4)",214.13
84,Chaney,Cameron,USA,20,"1999-06-30 00:00:00",82076,,"3 / (3)",210.68
85,Hu,Yi,CHN,,,79947,1124915,"3 / (4)",210.60
86,Steinke,Corey,USA,23,"1996-06-06 00:00:00",82978,,"3 / (5)",208.00
87,Mensch,Joseph,USA,27,"1992-01-24 00:00:00",72299,,"3 / (4)",206.43
88,Ladley,Matthew,USA,28,"1991-05-17 00:00:00",69253,,"2 / (2)",203.95
89,Davis,Brandon,USA,24,"1995-08-30 00:00:00",77882,9530985,"2 / (2)",203.38
90,Staveley,Luke,AUS,20,"1999-11-03 00:00:00",75459,9040199,"3 / (5)",201.97
91,Hessler,Jack,USA,24,"1995-05-10 00:00:00",78584,,"3 / (3)",200.03
92,Staveley,Cameron,AUS,22,"1997-02-21 00:00:00",75363,9040172,"3 / (3)",199.04
93,Shuler,Gus,USA,24,"1995-04-17 00:00:00",80757,9530848,"3 / (5)",189.59
94,Otsuka,Reo,JPN,,,87725,9300553,"3 / (4)",186.95
95,Sutter,"Gian Andrea",SUI,20,"1999-03-26 00:00:00",87634,9510362,"3 / (5)",184.85
96,Dmitriy,Mindrul,RUS,28,"1991-07-10 00:00:00",73186,,"3 / (4)",169.22
97,Niblett,Trevor,CAN,27,"1992-09-11 00:00:00",77452,9100302,"3 / (5)",166.84
98,Hirano,Eiju,JPN,24,"1995-07-23 00:00:00",73955,9300508,"1 / (1)",159.84
99,Bowman,Joshua,USA,21,"1998-08-08 00:00:00",82668,9531115,"3 / (4)",159.65
100,Autti,Antti,FIN,34,"1985-03-15 00:00:00",24295,1184953,"1 / (1)",153.56
101,Fuhrmann,Nicolas,FRA,25,"1994-10-25 00:00:00",77866,9190198,"3 / (3)",152.46
102,Sladkov,Alexander,RUS,27,"1992-03-07 00:00:00",76898,9480298,"3 / (3)",151.71
103,Ordean,Skyler,USA,20,"1999-04-24 00:00:00",88160,9531089,"3 / (3)",151.04
104,Courtier-Jones,Lewis,GBR,24,"1995-07-22 00:00:00",72901,9220002,"3 / (3)",148.04
105,Menth,Ralph,SUI,22,"1997-07-02 00:00:00",82801,9510312,"3 / (4)",147.48
106,Allenspach,"Elias Gian",SUI,18,"2001-05-14 00:00:00",88792,,"3 / (4)",144.22
107,Abe,Yuusuke,JPN,,,74712,,"3 / (3)",143.46
108,Ivanov,Victor,SUI,20,"1999-03-21 00:00:00",86860,9510386,"3 / (4)",142.19
109,Baden,Nikolas,USA,21,"1998-01-13 00:00:00",80000,9531009,"1 / (1)",141.73
110,Vandeweyer,Stef,BEL,20,"1999-08-06 00:00:00",75555,9060009,"3 / (3)",140.60
111,Habermacher,Victor,FRA,23,"1996-07-20 00:00:00",75860,9190273,"2 / (2)",140.41
112,Woo,"Jae Won",KOR,,,77304,9320052,"3 / (4)",140.37
113,Kodani,Takurou,JPN,,,89494,,"3 / (4)",139.57
114,Gschaider,Simon,AUT,21,"1998-01-22 00:00:00",87703,9050234,"3 / (5)",139.38
115,Schaerer,Michael,SUI,22,"1996-12-23 00:00:00",76241,9510290,"2 / (2)",139.09
116,Grant,Matthew,USA,20,"1999-08-03 00:00:00",88163,9531096,"2 / (2)",137.29
117,Okamoto,Wataru,JPN,20,"1999-03-10 00:00:00",89572,9300697,"3 / (3)",135.68
118,Oosawa,Yuusuke,JPN,,,87953,,"3 / (4)",134.64
119,Keller,Markus,SUI,36,"1982-12-06 00:00:00",49139,,"1 / (1)",133.22
120,Ando,Naito,JPN,21,"1997-11-20 00:00:00",86198,9300620,"2 / (2)",131.85
121,Itano,Norimasa,JPN,,,87958,,"3 / (4)",131.19
122,Senzaki,Shota,JPN,24,"1995-03-26 00:00:00",86201,9300561,"3 / (4)",127.81
123,Boll,Moritz,SUI,19,"2000-07-08 00:00:00",86577,9510387,"3 / (4)",127.17
124,Werner,Evan,USA,22,"1997-11-09 00:00:00",89030,9531079,"3 / (5)",127.16
125,Perseus,Laurens,SUI,19,"2000-11-09 00:00:00",85764,9510390,"3 / (4)",123.95
126,Kavcic,Filip,SLO,25,"1994-04-04 00:00:00",77863,9560079,"3 / (5)",120.19
127,Stecher,Menduri,SUI,22,"1997-09-04 00:00:00",82752,9510365,"3 / (4)",119.23
128,Kalapos,Ian,USA,19,"1999-12-22 00:00:00",85108,9531122,"3 / (3)",119.14
129,Bronckaers,Kevin,BEL,29,"1990-08-09 00:00:00",68772,1064993,"2 / (2)",118.91
130,Ochsenbein,Ali,SUI,,,86583,9510363,"3 / (3)",118.30
131,Gryzlo,Piotr,POL,,,78782,9430052,"3 / (4)",118.29
132,Brownrigg,Dru,USA,22,"1997-07-09 00:00:00",80778,9530938,"2 / (2)",117.25
133,Baume,Lucas,SUI,24,"1995-09-27 00:00:00",76255,9510273,"1 / (1)",116.68
134,Mack,Kyle,USA,22,"1997-07-06 00:00:00",71811,9530894,"2 / (2)",115.94
135,Tourki,Liam,FRA,20,"1999-03-25 00:00:00",81604,9190385,"3 / (4)",115.20
136,Hoeflich,Andre,GER,22,"1997-04-28 00:00:00",81378,9200110,"3 / (3)",114.28
137,Takahashi,Akihito,JPN,,,73601,,"3 / (4)",114.13
138,Konijnenberg,Sebastien,FRA,22,"1997-08-18 00:00:00",87631,9190322,"2 / (2)",110.59
139,Cummins,Colin,USA,,,88164,9531097,"3 / (3)",110.51
140,Kojima,Masayuki,JPN,,,84882,,"3 / (4)",109.17
141,Sakuyama,Syou,JPN,,,89663,,"3 / (4)",108.53
142,Pajer,Mikolas,CZE,22,"1997-10-10 00:00:00",76955,9150133,"3 / (3)",107.88
143,Wicki,Mathias,SUI,19,"2000-08-04 00:00:00",85759,9510389,"3 / (4)",104.90
144,Birkendahl,Linus,GER,24,"1995-03-30 00:00:00",75613,9200090,"1 / (1)",103.52
145,Smirnov,Pavel,RUS,,,82806,9480373,"2 / (2)",101.93
146,Wright,Korath,UGA,34,"1985-08-26 00:00:00",70637,,"3 / (3)",101.77
147,Burch,Dario,SUI,22,"1997-03-15 00:00:00",82504,9510348,"3 / (3)",100.58
148,Neff,Cédric,SUI,18,"2001-08-04 00:00:00",82807,9510414,"3 / (4)",100.14
149,Roemer,Ryan,USA,,,81671,,"2 / (2)",98.85
150,Huang,Shiying,CHN,,,79862,1124926,"3 / (3)",98.04
151,Thomas,Kyle,CAN,29,"1989-12-11 00:00:00",75426,,"2 / (2)",97.56
153,Adams,Deion,CAN,24,"1995-07-22 00:00:00",83637,9100459,"3 / (4)",94.87
154,Huerlimann,Basil,SUI,21,"1998-06-05 00:00:00",82755,,"3 / (3)",94.23
155,Laakkonen,Henri,FIN,27,"1992-07-17 00:00:00",78524,9180082,"2 / (2)",94.03
156,Gittler,Olivier,FRA,28,"1990-12-12 00:00:00",47092,,"1 / (1)",93.54
157,Farrell,Lyon,USA,20,"1998-11-22 00:00:00",88493,9531213,"3 / (5)",93.33
158,Imai,Ikumi,JPN,23,"1996-09-03 00:00:00",78688,9300590,"2 / (2)",92.59
159,Nozaki,Kentarou,JPN,,,74670,,"2 / (2)",91.96
160,Bosch,Anthon,RSA,23,"1996-04-16 00:00:00",84589,9500128,"2 / (2)",91.57
161,Kendall,Colin,USA,,,82046,,"1 / (1)",91.55
162,Indrist,Gabriel,AUT,22,"1997-01-01 00:00:00",78795,9050242,"3 / (5)",90.30
163,Moller,Blake,USA,,,85116,9531164,"2 / (2)",89.08
164,Nagata,Hironori,JPN,,,84326,9300805,"3 / (3)",88.76
165,Laesser,Martin,SUI,21,"1998-01-24 00:00:00",86861,9510407,"2 / (2)",88.45
166,Kodama,Yuudai,JPN,,,89473,,"3 / (4)",88.19
167,Kimata,Ryoma,JPN,17,"2002-07-24 00:00:00",91175,9300804,"3 / (3)",87.60
168,Pohjonen,Tuomas,FIN,24,"1995-06-03 00:00:00",79170,9180101,"2 / (2)",87.24
169,Ruegg,Thomas,SUI,37,"1982-04-25 00:00:00",66838,1514973,"1 / (1)",85.72
170,Cox,Matthew,AUS,21,"1998-06-09 00:00:00",75364,9040200,"2 / (2)",84.93
171,Sato,Natsumaru,JPN,,,81758,9300734,"2 / (2)",84.09
173,Shaw,Maverick,USA,,,81910,9530999,"2 / (2)",82.98
174,Hohmeyer,Adam,USA,24,"1995-05-28 00:00:00",80762,9530804,"2 / (2)",82.78
175,Hessler,Jimmy,USA,,,84175,9530948,"2 / (2)",82.02
176,Allen,Van,USA,,,84018,9530978,"2 / (2)",81.83
177,Prietl,Florian,AUT,23,"1996-01-12 00:00:00",82829,9050209,"2 / (2)",81.82
178,Horiuchi,Syouji,JPN,,,84880,,"2 / (2)",81.76
179,Rupp,Elias,SUI,,,86867,9510404,"3 / (3)",80.47
180,Jones,Wiley,USA,,,91484,9531182,"2 / (2)",79.54
181,Na,Myungjoo,KOR,23,"1996-01-23 00:00:00",77301,9320096,"2 / (2)",77.99
182,Bremner,Findlay,GBR,20,"1999-08-08 00:00:00",77658,9220048,"2 / (2)",76.95
183,Nakamura,Maikeru,JPN,,,89568,,"3 / (4)",76.44
184,Obregon,Benton,USA,24,"1995-10-04 00:00:00",83876,9531016,"3 / (4)",76.41
185,Uehara,Ken,JPN,36,"1983-07-03 00:00:00",73629,,"2 / (2)",76.39
186,Betts,Will,USA,23,"1996-04-10 00:00:00",83897,9531080,"3 / (3)",75.98
187,Page,Jeremy,USA,30,"1989-07-04 00:00:00",78045,9530675,"2 / (2)",75.69
188,Kuchisubo,Raio,JPN,18,"2001-06-09 00:00:00",89482,9300754,"2 / (2)",75.63
189,Hirano,Ruka,JPN,,,91295,9300799,"3 / (3)",75.45
190,Yamane,Yuto,JPN,,,91187,9300812,"3 / (3)",73.53
191,Eckert,Luis,GER,23,"1996-08-05 00:00:00",80749,9200104,"1 / (1)",73.42
192,Bilanin,Nikolay,RUS,,,68491,9480068,"1 / (1)",72.90
193,Horiguchi,Yuto,JPN,,,83827,9300820,"2 / (2)",72.86
194,Nakanishi,Wataru,JPN,,,89477,,"3 / (3)",72.37
195,Mutou,Masakazu,JPN,,,89475,,"3 / (3)",72.25
197,Orzech,Jake,USA,,,86033,9531093,"1 / (1)",71.42
198,"De Feminis",Camilo,SUI,22,"1997-07-02 00:00:00",82832,9510381,"3 / (3)",71.40
199,Balentine,Colton,USA,21,"1998-10-23 00:00:00",85949,9531124,"2 / (2)",70.96
200,Lee,Minsik,KOR,19,"2000-07-05 00:00:00",91111,9320133,"3 / (3)",70.89
201,Kleivdal,Morten,NOR,28,"1991-03-13 00:00:00",71775,9420061,"1 / (1)",70.48
202,Aota,Wataru,JPN,,,91501,9300741,"2 / (2)",70.36
203,Tait,Rakai,NZL,20,"1998-12-11 00:00:00",85111,9531158,"2 / (2)",69.64
204,Konishi,Riuhei,JPN,,,83803,,"3 / (3)",69.48
205,Isoda,Mitsuyasu,JPN,,,74487,,"3 / (3)",67.34
206,Wolak,Tomasz,POL,27,"1991-12-26 00:00:00",75576,9430074,"1 / (1)",66.67
206,O´Reilly,Thomas,CAN,23,"1996-02-15 00:00:00",83638,9100439,"1 / (1)",66.67
208,Watanabe,Hiromoto,JPN,,,91301,,"3 / (4)",65.68
209,Kaeppeli,Fabian,SUI,22,"1997-08-18 00:00:00",86862,,"2 / (2)",65.36
210,Warble,Cody,USA,,,80001,9531114,"1 / (1)",65.23
211,Kokubo,Kazuhiro,JPN,31,"1988-08-16 00:00:00",27113,,"1 / (1)",65.17
212,Hayashi,Takafumi,JPN,,,89481,,"3 / (3)",65.05
213,Takemura,Hajime,JPN,,,73324,,"2 / (2)",64.75
214,Kriz,Dusan,CZE,24,"1995-10-27 00:00:00",75857,9150103,"1 / (1)",64.74
215,Yamanami,Yoji,JPN,,,74613,7300051,"2 / (2)",64.67
216,Blakely,Chase,USA,,,84069,9531081,"2 / (2)",63.26
217,Kabayama,Ryuga,JPN,,,90451,9300634,"2 / (2)",63.11
218,Schiegg,Robin,SUI,,,86584,,"2 / (2)",62.95
219,Michie,Callum,CAN,26,"1993-06-23 00:00:00",72363,,"2 / (2)",62.86
220,Imai,Rogu,JPN,,,87176,9300656,"1 / (1)",62.60
221,Seguin,Mikey,CAN,21,"1998-10-12 00:00:00",87795,9100701,"1 / (1)",62.12
222,Omoda,Maki,JPN,,,83828,,"2 / (2)",60.59
223,Hediger,Curdin,SUI,,,86597,,"2 / (2)",59.95
224,Jordenkhangsar,Dawa,SUI,19,"2000-01-18 00:00:00",88809,9510399,"3 / (3)",59.37
225,Brochier,Denis,GER,18,"2001-09-24 00:00:00",88780,,"3 / (3)",59.22
226,Tourki,Yannis,FRA,24,"1995-03-20 00:00:00",80751,9190272,"2 / (2)",59.07
227,Kitazawa,Makoto,JPN,43,"1976-04-07 00:00:00",73948,,"3 / (3)",59.01
228,Poullet,Lucas,FRA,,,89499,9190343,"2 / (2)",58.97
229,Collins,Jack,CAN,21,"1998-09-19 00:00:00",78363,9100651,"1 / (1)",58.13
230,Blackwell,Chase,USA,20,"1999-02-27 00:00:00",85114,9531125,"1 / (1)",57.97
231,Andrews,Freeman,NZL,22,"1997-10-05 00:00:00",88494,9410041,"2 / (2)",57.82
232,Nousyou,Kunpei,JPN,,,81730,,"1 / (1)",57.76
233,Furuuda,Syou,JPN,,,91299,,"3 / (3)",57.75
234,Ricciardi,Aluan,FRA,32,"1987-10-26 00:00:00",79863,,"1 / (1)",57.48
235,Necas,Jan,CZE,34,"1984-11-27 00:00:00",70629,9150080,"1 / (1)",56.51
236,Djité,David,SUI,27,"1992-06-25 00:00:00",76190,,"1 / (1)",56.36
237,Hoshino,Yoshiyuki,JPN,,,74604,,"2 / (2)",55.26
238,Nolan,Jaromie,USA,,,77927,,"1 / (1)",55.25
239,Buchner,Morgan,CAN,25,"1994-05-25 00:00:00",87572,,"1 / (1)",54.59
240,Imhof,Rafael,SUI,28,"1991-04-15 00:00:00",72992,,"1 / (1)",54.43
241,Fitzsimons,Sean,USA,19,"2000-09-22 00:00:00",82777,9531194,"1 / (1)",54.32
242,Labbett,Connor,CAN,21,"1998-04-17 00:00:00",83307,9100657,"3 / (3)",54.17
243,Boesiger,Jonas,SUI,24,"1995-04-05 00:00:00",80754,9510288,"1 / (1)",53.60
244,Voorham,Bing,NED,22,"1997-04-22 00:00:00",75935,,"2 / (2)",53.38
245,Matsuda,Mizuki,JPN,,,87727,9300710,"1 / (1)",53.02
246,Saarenpää,Sami,FIN,33,"1986-06-24 00:00:00",43517,1184977,"1 / (1)",52.97
247,Hediger,Fadri,SUI,,,86600,,"2 / (2)",52.45
249,Maisonneuve,Noah,CAN,21,"1998-05-22 00:00:00",83635,9100572,"1 / (1)",51.46
250,Nakamura,Fumiya,JPN,,,84635,,"2 / (2)",51.43
251,Cuny,Matteo,FRA,,,86441,9190296,"1 / (1)",51.19
252,Kleivdal,Stian,NOR,22,"1997-04-29 00:00:00",82751,9420129,"1 / (1)",50.86
253,"De Castris",Justin,CAN,22,"1997-01-16 00:00:00",81903,9100499,"2 / (2)",50.78
254,Brunner,Simon,SUI,21,"1998-10-31 00:00:00",90716,,"2 / (2)",50.59
255,Briand,Alex,FRA,,,90458,,"2 / (2)",50.34
256,"Van Hoof",Ilias,BEL,20,"1999-05-05 00:00:00",89015,9060011,"3 / (3)",49.44
257,Camenzind,Samuel,SUI,18,"2001-01-19 00:00:00",82820,9510431,"2 / (2)",48.70
258,Nakahara,Atsushi,JPN,,,90452,9300635,"1 / (1)",48.36
259,Teare,Kirk,USA,20,"1999-01-12 00:00:00",82086,9531198,"2 / (2)",48.19
260,Staub,Lou,SUI,23,"1996-07-03 00:00:00",80834,9510352,"1 / (1)",48.14
261,Noda,Junya,JPN,,,73626,,"3 / (3)",47.81
262,Matsuda,Yuuta,JPN,,,91521,,"2 / (2)",47.14
263,Nicolas,Savoye,FRA,24,"1994-11-28 00:00:00",82834,,"1 / (1)",46.93
264,Otani,Shingo,JPN,,,74628,,"2 / (2)",46.85
265,Bigler,Lukas,SUI,,,88790,9510394,"2 / (2)",46.77
266,Hauri,Marco,SUI,18,"2000-11-18 00:00:00",90851,9510427,"2 / (2)",46.63
267,Ohara,Thomas,USA,23,"1996-06-21 00:00:00",82050,,"1 / (1)",46.37
268,Westbury,Finn,CAN,23,"1996-06-16 00:00:00",87823,,"1 / (1)",46.14
269,Rodriguez,Manuel,SUI,16,"2003-10-01 00:00:00",86858,9510472,"2 / (2)",44.74
270,Oshiro,Takuya,JPN,,,74593,,"3 / (3)",44.35
271,Bos,Jaden,CAN,21,"1998-10-03 00:00:00",87022,9100567,"1 / (1)",43.85
272,Schauer,Fabio,SUI,,,88791,,"2 / (2)",43.85
273,"Hétu Reid","Charles antoine",CAN,29,"1990-04-12 00:00:00",43528,7100014,"1 / (1)",129.12
274,Raith,Xander,USA,22,"1997-08-14 00:00:00",83247,9530958,"1 / (1)",43.03
275,Frei,David,SUI,,,90317,,"2 / (2)",42.85
276,McGuire,Jerry,USA,,,82897,9531086,"3 / (3)",42.50
277,Jolles,Fritz,SUI,18,"2001-03-16 00:00:00",86865,,"2 / (2)",42.36
278,Jeon,Hyung-Suk,KOR,,,91106,9320143,"3 / (3)",42.14
279,Sugita,Takaaki,JPN,,,74686,,"2 / (2)",41.97
280,Adams,Braeden,CAN,21,"1998-03-26 00:00:00",89205,9100713,"1 / (1)",41.78
281,Seki,Tatsuya,JPN,,,84348,,"1 / (1)",41.42
282,Buchacher,Christian,AUT,,,82788,,"2 / (2)",41.38
283,Falck,Roope,FIN,,,90478,9180151,"1 / (1)",41.16
284,Kelley,Kyle,USA,,,80765,9530826,"1 / (1)",40.43
285,Shinke,Naoki,JPN,,,87345,,"1 / (1)",39.84
286,Gauger,Wendelin,SUI,19,"2000-03-16 00:00:00",86579,9510403,"2 / (2)",39.75
287,Haenni,Philippe,SUI,30,"1989-03-21 00:00:00",73995,,"1 / (1)",39.43
288,Palladio,Nicolas,FRA,25,"1994-05-31 00:00:00",86378,9190179,"1 / (1)",39.33
289,Larson,Kyle,CAN,24,"1995-01-13 00:00:00",87819,9100639,"1 / (1)",38.11
290,Kim,Min-Jun,KOR,19,"2000-02-07 00:00:00",91119,9320145,"2 / (2)",37.82
291,Kundratitz,Philipp,AUT,24,"1995-11-15 00:00:00",81591,9050193,"2 / (2)",37.78
292,Sakuma,Hiromasa,JPN,,,89661,,"1 / (1)",37.69
293,Rehnberg,Mikko,FIN,22,"1997-04-16 00:00:00",87639,9180118,"1 / (1)",37.56
294,Geils,Mason,USA,,,83242,9531013,"1 / (1)",37.45
295,Eilertsen,Haakon,NOR,22,"1997-02-03 00:00:00",82750,9420130,"1 / (1)",37.34
296,Andenmatten,Mika,SUI,18,"2001-09-20 00:00:00",90862,9510425,"3 / (3)",36.90
297,Ochi,Syunsuke,JPN,,,84877,,"3 / (3)",36.78
298,Sekiguchi,Akinori,JPN,,,91297,,"2 / (2)",36.70
299,Grossgasteiger,Marc,ITA,24,"1995-09-02 00:00:00",86562,,"2 / (2)",36.66
300,Naito,Takehiro,JPN,,,84876,,"2 / (2)",36.54
301,Lawrence,Jack,CAN,23,"1996-03-30 00:00:00",89171,,"1 / (1)",36.47
302,Moretti,Sacha,FRA,21,"1998-08-14 00:00:00",89521,9190363,"1 / (1)",35.92
303,Koivumaa,Elias,FIN,,,90476,9180078,"1 / (1)",35.78
304,Murphy,Samuel,AUS,28,"1991-07-25 00:00:00",72796,,"1 / (1)",35.70
305,Serrano,Shane,USA,24,"1995-02-10 00:00:00",81890,9530954,"2 / (2)",35.57
306,Hansen,"Kim Rune",NOR,31,"1988-06-08 00:00:00",73215,,"3 / (5)",35.49
307,Cornaby,Xander,USA,20,"1999-09-18 00:00:00",91675,9531159,"1 / (1)",35.43
308,Novak,Matej,CZE,,,54116,9150011,"1 / (1)",35.06
309,Woodman,Ryan,CAN,22,"1997-08-05 00:00:00",87797,,"1 / (1)",34.93
310,Yamagata,Yasuaki,JPN,,,84641,9300595,"1 / (1)",34.76
311,Popp,Lars,SUI,22,"1997-07-31 00:00:00",86850,9510382,"1 / (1)",34.64
312,Nicholson,Tyler,CAN,24,"1995-08-03 00:00:00",83279,9100475,"1 / (1)",34.21
313,Haubner,"Paul Toon",GER,31,"1988-02-22 00:00:00",70287,9200066,"1 / (1)",34.10
315,Fischer,Florian,SUI,19,"2000-03-15 00:00:00",89428,9510430,"1 / (1)",34.01
316,Podmoroff,Lien,CAN,22,"1997-05-31 00:00:00",89204,9100724,"1 / (1)",33.49
317,Cleusix,Nicolas,SUI,18,"2001-04-18 00:00:00",85596,,"3 / (3)",33.46
318,Mills,Brett,CAN,24,"1995-08-05 00:00:00",87824,9100553,"1 / (1)",32.11
319,Bakken,Marius,NOR,23,"1996-09-23 00:00:00",85726,9420139,"1 / (1)",31.96
320,Just,Stephen,USA,,,82919,,"2 / (2)",31.91
321,Sasaki,Masaki,JPN,40,"1979-01-14 00:00:00",73327,,"2 / (2)",31.74
322,Kita,Youhei,JPN,,,87343,,"3 / (3)",31.71
323,Greuter,"Thierry Noah",SUI,,,89230,9510401,"2 / (2)",31.61
324,Tokarczyk,Piotr,POL,28,"1991-07-11 00:00:00",78786,9430115,"1 / (1)",31.53
325,Stucky,Alain,SUI,,,77256,,"1 / (1)",31.04
326,Osterwalder,Jon,SUI,19,"2000-10-03 00:00:00",90863,,"2 / (2)",30.99
327,Xu,Dechao,CHN,,,79948,1124934,"1 / (1)",30.93
328,Lambert,Adam,AUS,,,82341,9040188,"1 / (1)",30.84
329,Rasanen,Jussi,FIN,,,90477,9180153,"1 / (1)",30.69
330,Schwab,Levin,SUI,,,89225,9510397,"2 / (2)",30.38
331,Ego,Mark,CAN,,,85013,,"1 / (1)",30.38
332,Uchida,Takafumi,JPN,,,89556,,"1 / (1)",30.34
333,Wicki,Sebastian,SUI,,,82785,9510388,"1 / (1)",30.31
334,Voorham,Tekke,NED,20,"1999-01-21 00:00:00",75936,,"2 / (2)",30.28
335,Renton,Benjamin,CAN,22,"1997-06-05 00:00:00",88069,,"1 / (1)",29.54
336,Burgener,Patrick,SUI,25,"1994-06-01 00:00:00",72989,9510239,"1 / (1)",28.80
337,Shinjou,Kazuki,JPN,,,89321,,"1 / (1)",28.72
338,Vagne,Joshua,AUS,20,"1999-10-20 00:00:00",80027,,"1 / (1)",28.62
339,Grob,Ramon,SUI,,,91081,,"2 / (2)",28.50
340,Miller,Drake,CAN,22,"1997-03-27 00:00:00",89199,9100803,"1 / (1)",28.33
341,Johnson,Skyler,USA,,,85951,9531116,"1 / (1)",28.18
342,Malone,Nick,USA,,,82910,9531196,"2 / (2)",28.13
343,Villa,Raphael,FRA,,,89518,,"2 / (2)",27.78
344,Livingston,Ryan,CAN,,,79203,,"1 / (1)",27.69
345,Maeda,Tomonari,JPN,42,"1977-03-02 00:00:00",73773,,"1 / (1)",27.57
346,Joelly,Cyrill,SUI,,,88787,,"2 / (2)",27.27
347,Degonda,Vincent,SUI,,,90853,,"2 / (2)",27.26
348,Juengling,Fabian,SUI,,,90854,,"2 / (2)",27.25
349,Blecic,Zackrey,CAN,22,"1997-04-20 00:00:00",89189,9100674,"1 / (1)",27.15
350,Fefer,Ivan,RUS,,,91116,9480572,"1 / (1)",27.15
351,Okurowski,Dylan,USA,19,"2000-06-15 00:00:00",90771,9531202,"1 / (1)",27.13
352,Wandling,Billy,USA,,,80994,9530870,"1 / (1)",27.01
353,Ok,Ho-gwang,KOR,21,"1998-03-23 00:00:00",91107,9320118,"2 / (2)",26.99
354,"De Laat",Flor,BEL,,,84809,9060007,"1 / (1)",26.88
355,Okabe,Tadahiko,JPN,39,"1980-11-06 00:00:00",74678,,"1 / (1)",26.73
356,Green,Harry,AUS,,,82331,,"1 / (1)",26.64
357,Williams,Matt,USA,22,"1997-02-18 00:00:00",83945,,"1 / (1)",26.50
358,Miskiman,Sean,CAN,19,"2000-05-03 00:00:00",87792,9100751,"1 / (1)",26.01
359,Geidatzis,Jannis,GER,,,90847,9510383,"2 / (2)",26.01
360,Hokkanen,Aki,FIN,,,86608,9180124,"1 / (1)",25.83
361,Watanabe,Kakeru,JPN,,,91420,,"1 / (1)",25.67
362,Sharpe,Darcy,CAN,23,"1996-02-09 00:00:00",81099,9100445,"1 / (1)",25.52
363,Conway,Coulton,CAN,21,"1997-12-29 00:00:00",83314,9100881,"1 / (1)",25.24
364,Cockrell,Billy,GBR,20,"1999-01-30 00:00:00",82368,9220101,"1 / (1)",25.02
365,Little,Alec,USA,,,91676,9531203,"1 / (1)",24.99
366,Page,Arsène,SUI,,,87837,,"1 / (1)",24.92
367,Gowans,Connor,CAN,20,"1999-09-18 00:00:00",87798,9100795,"1 / (1)",24.90
368,Cantle,Joel,AUS,23,"1996-04-24 00:00:00",82274,9040182,"1 / (1)",24.85
369,Kusumi,Makoto,JPN,,,91314,,"1 / (1)",24.27
370,Chouno,Naoki,JPN,,,91421,,"1 / (1)",24.21
371,Bozzolo,Mathis,FRA,,,87095,9190330,"1 / (1)",23.99
372,Mustonen,Ville,FIN,21,"1998-01-05 00:00:00",76996,9180115,"1 / (1)",23.96
373,Gill,Liam,CAN,16,"2003-07-30 00:00:00",88090,9101051,"1 / (1)",23.81
374,Roth,Sebastian,SUI,,,90859,,"2 / (2)",23.54
375,Fortune,Russell,AUS,,,82347,,"1 / (1)",23.23
376,Iha,Noritaka,JPN,,,73369,,"1 / (1)",23.01
377,Beaumann,Ruben,FRA,,,91216,,"1 / (1)",22.99
378,Larochaix,Noe,FRA,,,81626,9190448,"1 / (1)",22.94
379,Birrer,Manuel,SUI,,,91082,,"2 / (2)",22.91
380,Noda,Syouya,JPN,,,89545,,"1 / (1)",22.80
381,Mihaylov,Georgi,BUL,24,"1995-04-29 00:00:00",76391,,"1 / (1)",22.80
382,King,Landis,CAN,22,"1997-09-24 00:00:00",87811,9100716,"1 / (1)",22.74
383,Aoki,Tomoyuki,JPN,,,73638,,"2 / (2)",22.73
384,Patterson,Devan,USA,,,85107,,"1 / (1)",22.09
385,Keough,Kevin,USA,28,"1991-10-13 00:00:00",79239,,"1 / (1)",21.98
386,Sato,Ayumu,JPN,,,91517,9300728,"1 / (1)",21.83
387,Miller,Josh,AUS,25,"1994-09-22 00:00:00",82272,9040168,"1 / (1)",21.75
388,Sano,Shinya,JPN,,,91300,,"2 / (2)",21.74
389,King,Liam,CAN,22,"1997-09-24 00:00:00",87804,9100717,"1 / (1)",21.69
390,Lindmoser,Alois,AUT,22,"1997-02-12 00:00:00",81365,9050225,"2 / (2)",21.63
391,Yasuda,Kouki,JPN,,,90450,9300596,"1 / (1)",21.56
392,Kudou,Akira,JPN,,,91422,,"1 / (1)",21.41
393,Guela,Yvan,FRA,,,81610,9190333,"1 / (1)",21.33
394,OESTRENG,Aleksander,NOR,28,"1991-04-05 00:00:00",72657,9420076,"1 / (1)",21.28
395,Koski,Markku,FIN,38,"1981-10-15 00:00:00",30039,1407955,"1 / (1)",21.17
396,Wojtyla,Wojciech,POL,,,86309,,"1 / (1)",20.70
397,Minagawa,Kazutaka,JPN,,,89559,,"1 / (1)",20.67
398,Crnkovic,Jake,CAN,20,"1999-06-26 00:00:00",88092,9100715,"1 / (1)",20.64
399,Bellante,Silvan,SUI,,,86848,,"1 / (1)",20.48
400,Wood,Liam,AUS,,,82346,,"1 / (1)",20.39
401,Boylan,Michael,USA,23,"1995-12-27 00:00:00",85239,9531160,"1 / (1)",20.27
402,Umezawa,Naoki,JPN,,,89535,,"1 / (1)",20.06
403,Feller,Nico,SUI,,,88789,,"2 / (2)",19.84
404,Murasugi,Kai,JPN,,,91296,9300751,"2 / (2)",19.63
405,Jarvis,Carter,CAN,20,"1999-02-19 00:00:00",87781,9100655,"1 / (1)",19.61
406,Nishio,Ryousuke,JPN,30,"1989-10-14 00:00:00",91518,,"1 / (1)",19.51
407,Gray,Nathan,FRA,18,"2000-11-28 00:00:00",87096,9220049,"1 / (1)",19.51
408,Biele,"Gian Andrin",SUI,16,"2003-06-20 00:00:00",88788,9510455,"3 / (3)",19.35
409,Oono,Yuusuke,JPN,,,83855,,"2 / (2)",19.34
410,Mermod,Lilian,SUI,20,"1999-10-27 00:00:00",89054,,"2 / (2)",19.20
411,Christie,Jack,AUS,,,82339,,"1 / (1)",19.13
412,Stoyanov,Borislav,BUL,,,90073,9090127,"1 / (1)",19.12
413,Enomoto,Ryota,JPN,,,89544,,"1 / (1)",18.73
414,Manninen,Tero,FIN,,,70370,9180064,"1 / (1)",18.70
415,Benesh,Mason,CAN,21,"1998-10-12 00:00:00",89201,9100754,"1 / (1)",18.59
416,Ambuehl,Arno,SUI,,,85754,,"2 / (2)",18.57
417,Kaspar,Jan,CZE,42,"1977-05-12 00:00:00",72763,1591964,"1 / (1)",18.49
418,Elston,Jared,AUS,20,"1999-02-02 00:00:00",87672,9040224,"1 / (1)",18.46
419,Inafuku,Zenshin,JPN,,,91519,,"1 / (1)",18.38
420,Uchiyama,Gorou,JPN,,,74559,,"2 / (2)",18.30
421,Yoon,Sung-Woo,KOR,,,91115,9320139,"2 / (2)",18.24
422,Anderson,Josh,AUS,,,90566,,"1 / (1)",17.96
423,Wolfe,Avery,CAN,20,"1999-07-01 00:00:00",89194,,"1 / (1)",17.59
424,Partanen,Aleksi,FIN,26,"1992-12-17 00:00:00",78249,9180087,"2 / (2)",17.47
425,Katada,Yoshiaki,JPN,,,89541,,"1 / (1)",17.41
426,Kuonen,Lukas,SUI,,,82813,,"1 / (1)",17.35
427,Gyosharkov,Petar,BUL,23,"1996-06-29 00:00:00",88296,9090090,"1 / (1)",17.26
427,Mikami,Takeshi,JPN,,,89567,,"1 / (1)",17.26
429,Shioya,Riku,JPN,30,"1989-07-24 00:00:00",73342,9300335,"1 / (1)",17.20
430,Pershad,Kiran,CAN,19,"2000-04-28 00:00:00",87920,,"1 / (1)",17.14
431,Wood,Jesse,AUS,,,82334,,"1 / (1)",16.86
432,Ironside,Glen,GBR,20,"1999-06-13 00:00:00",88103,9220050,"1 / (1)",16.73
433,Lehtola,Niko,FIN,31,"1988-04-05 00:00:00",70367,9180037,"1 / (1)",16.69
434,Yip,Jonathon,CAN,23,"1996-06-20 00:00:00",89668,,"1 / (1)",16.58
435,Puygrenier,Raphael,FRA,,,81603,9190359,"2 / (2)",16.41
436,Suzuki,Sena,JPN,,,89532,9300726,"3 / (3)",16.30
437,Balicco,Sacha,FRA,,,90414,9190371,"1 / (1)",16.24
438,Prior,Mal,USA,27,"1992-01-01 00:00:00",77952,,"1 / (1)",16.16
439,Sasaki,Yuuya,JPN,,,91520,9300729,"1 / (1)",16.15
440,Kuruno,Wataru,JPN,,,89295,,"1 / (1)",16.11
441,Miyata,Kentarou,JPN,,,89476,,"2 / (2)",16.10
442,Donaldson,Calum,AUS,,,90560,,"1 / (1)",15.82
443,Guillen,Jacob,USA,,,91482,,"2 / (2)",15.79
444,Hatayama,Takahiro,JPN,,,89493,9300674,"2 / (2)",15.68
445,Takahashi,Yuuki,JPN,,,73343,,"2 / (2)",15.65
446,McLeod,Wyatt,CAN,23,"1996-10-13 00:00:00",89170,,"1 / (1)",15.59
447,Petrov,Kamen,BUL,19,"2000-11-07 00:00:00",90076,9090124,"1 / (1)",15.43
448,Rotsaert,Michael,CAN,26,"1993-01-20 00:00:00",81080,,"1 / (1)",15.41
449,Bischoff,Brandon,USA,,,91125,9531161,"2 / (2)",15.40
450,Kuroda,Yuusuke,JPN,,,73476,,"2 / (2)",15.30
451,Sky,Jedidiah,USA,23,"1996-08-11 00:00:00",83223,,"1 / (1)",15.28
452,Aguirre,Mason,USA,32,"1987-10-11 00:00:00",24714,,"1 / (1)",15.15
453,Olson,Stephen,USA,,,91085,,"2 / (2)",14.86
454,Yamamoto,Takuaki,JPN,,,91425,,"1 / (1)",14.83
454,Guseli,Valentino,AUS,14,"2005-04-01 00:00:00",88527,9040291,"1 / (1)",14.83
456,Westbury,Jasper,CAN,20,"1999-01-01 00:00:00",88073,,"1 / (1)",14.59
457,Hong,Sung-Hyeo,KOR,,,91108,9325004,"2 / (2)",14.53
458,Takahashi,Akira,JPN,,,74557,1187862,"1 / (1)",13.98
458,Johnstone,James,GBR,,,77558,,"1 / (1)",13.98
460,Iwasaki,Chikara,JPN,,,91515,,"1 / (1)",13.94
461,Najdecki-Devine,Campbell,AUS,22,"1997-06-02 00:00:00",90561,,"1 / (1)",13.89
462,Bozzolo,Loan,FRA,,,87091,9190386,"1 / (1)",13.79
463,Dillon,Riley,CAN,18,"2001-03-08 00:00:00",83306,,"1 / (1)",13.77
464,Kaspar,Daniel,CZE,,,76409,9150145,"1 / (1)",13.67
465,Modesti,Michael,CAN,18,"2001-07-12 00:00:00",91040,9100907,"1 / (1)",13.61
466,Ishida,Takuya,JPN,,,91426,,"1 / (1)",13.56
467,Magiros,Victor,AUS,,,80004,,"1 / (1)",12.98
468,Tanabe,Kaito,JPN,,,90449,9300650,"1 / (1)",12.88
469,Ichikawa,Hirofumi,JPN,,,84763,,"1 / (1)",12.85
470,Gruenwald,Max,GER,18,"2001-05-29 00:00:00",81360,,"1 / (1)",12.83
471,Fukui,Shinji,JPN,,,89483,,"1 / (1)",12.80
472,Naoi,Koryu,JPN,,,91137,9300771,"1 / (1)",12.70
473,Trimble,Spencer,CAN,19,"2000-04-09 00:00:00",87818,9100819,"1 / (1)",12.62
474,Ahokas,Peetu,FIN,26,"1993-01-01 00:00:00",79294,9180109,"1 / (1)",12.35
475,Kangas,Ryan,CAN,19,"1999-12-18 00:00:00",87909,9100745,"1 / (1)",12.21
476,Dahan,Kristian,AUS,,,86230,,"1 / (1)",12.11
477,Zuest,Yannik,SUI,,,91089,,"1 / (1)",11.77
477,Takahashi,Takumi,JPN,,,91516,,"1 / (1)",11.77
479,Fux,Jan,SUI,,,88810,,"2 / (2)",11.76
480,Krasman,Brett,CAN,23,"1996-04-19 00:00:00",87809,,"1 / (1)",11.64
481,Chaplin,Luke,AUS,,,90568,,"1 / (1)",11.26
482,Baston,Logan,USA,,,85906,,"1 / (1)",11.20
483,Shinya,Tomoo,JPN,,,91313,,"1 / (1)",11.13
484,Nozawa,Norito,JPN,,,89546,,"1 / (1)",11.05
485,Crook,Reece,CAN,18,"2000-12-17 00:00:00",83301,,"1 / (1)",10.70
486,Wopnford,Owen,CAN,19,"1999-12-01 00:00:00",89186,9100788,"1 / (1)",10.67
487,"Van Bouwhorst",Ziggey,NED,21,"1998-07-20 00:00:00",86105,9400038,"1 / (1)",10.64
488,Moser,Nico,SUI,,,91076,,"2 / (2)",10.53
489,Oertlin,Pascal,SUI,,,90860,,"2 / (2)",10.52
490,Vyslozil,Lorenz,AUT,24,"1995-02-10 00:00:00",87145,9050241,"1 / (1)",10.51
491,Peterson,Toby,AUS,,,90543,,"1 / (1)",10.43
492,Wolak,Jakub,POL,23,"1996-10-04 00:00:00",76200,9430122,"1 / (1)",10.21
493,Miladinov,Valentin,BUL,,,90075,9090119,"1 / (1)",10.13
494,Aiba,Tarou,JPN,,,89478,,"1 / (1)",10.06
496,Zed,Gregor,CAN,22,"1997-10-22 00:00:00",84296,9100659,"1 / (1)",9.75
497,ARMSTRONG-VANLAAR,Braedon,CAN,19,"2000-01-09 00:00:00",87814,9100825,"1 / (1)",9.69
498,Vagne,Kaleb,AUS,,,90546,,"1 / (1)",9.63
499,Kawaguchi,Kenji,JPN,,,89563,9300546,"1 / (1)",9.61
500,Uchida,Yusuke,JPN,,,87973,,"1 / (1)",9.53
501,Golden,Owen,USA,,,83171,9531178,"1 / (1)",9.48
502,Cromwell,Winston,CAN,18,"2001-05-25 00:00:00",87930,,"1 / (1)",9.25
503,Kanatsu,Tomoya,JPN,,,91298,,"1 / (1)",9.13
504,Surget,Merlin,FRA,,,87097,9190404,"1 / (1)",9.05
505,Maschl,Julian,AUT,24,"1994-12-02 00:00:00",81217,9050189,"1 / (1)",9.00
506,Crowe,Liam,AUS,,,90545,,"1 / (1)",8.84
507,Fair,Shawn,CAN,18,"2001-06-01 00:00:00",91032,9100854,"1 / (1)",8.71
508,Stock,Andreas,AUT,,,88799,,"1 / (1)",8.67
509,Wakita,Masaki,JPN,,,83829,9300702,"1 / (1)",8.58
510,Hatakeyama,Masayuki,JPN,,,91428,,"1 / (1)",8.57
511,Inoue,Masaaki,JPN,,,91511,,"1 / (1)",8.53
512,Cleusix,Xavier,SUI,,,85597,,"3 / (3)",8.47
513,Kulich,Tyler,USA,,,84459,,"1 / (1)",8.40
514,Chaplin,Kye,AUS,,,90539,,"1 / (1)",8.06
515,Zurwerra,Gian,SUI,18,"2001-04-10 00:00:00",90316,,"2 / (2)",8.05
517,Whiting,Spencer,USA,24,"1995-01-19 00:00:00",77847,9530664,"1 / (1)",7.76
518,Krasman,Jordan,CAN,22,"1997-01-28 00:00:00",83636,,"1 / (1)",7.74
519,Tachikawa,Hutoshi,JPN,,,89560,,"1 / (1)",7.46
520,Yokomura,Atsuya,JPN,,,91429,,"1 / (1)",7.33
522,Hong,Je-Hyeon,KOR,,,91109,9320135,"2 / (2)",7.18
523,Matsuki,Nobuaki,JPN,,,84874,,"1 / (1)",6.97
524,Dellenbach,Jan,SUI,,,91080,,"1 / (1)",6.81
525,Pelensky,Ethan,CAN,20,"1999-05-26 00:00:00",87796,9100665,"1 / (1)",6.77
526,Adams,Gabriel,GBR,16,"2003-02-14 00:00:00",90976,9220090,"1 / (1)",6.71
527,Nikora,Brandon,AUS,,,90544,,"1 / (1)",6.54
528,Ji,Daniel,CAN,18,"2000-12-08 00:00:00",91565,,"1 / (1)",6.47
529,Terada,Kuga,JPN,,,91312,,"1 / (1)",6.46
530,Naoi,Kairyu,JPN,,,91138,9300770,"1 / (1)",6.27
531,Kolotov,Svyatoslav,RUS,,,88154,,"1 / (1)",6.26
532,Matsumoto,Masashi,JPN,,,91430,,"1 / (1)",6.10
533,Pylypiw,Ethan,CAN,20,"1998-11-20 00:00:00",89191,9100726,"1 / (1)",5.80
534,Harvey,Luke,AUS,,,80019,,"1 / (1)",5.79
535,Kreienbuehl,Gabriel,SUI,,,91077,,"2 / (2)",5.57
536,Takenaka,Yoshikazu,JPN,,,91309,,"1 / (1)",5.46
537,Koyama,Daiki,JPN,,,91512,9300306,"1 / (1)",5.32
537,Fumagalli,Elio,SUI,23,"1996-10-29 00:00:00",88781,9510349,"1 / (1)",5.32
539,Lea,Brandon,CAN,18,"2001-06-11 00:00:00",87934,,"1 / (1)",5.13
540,Yokota,Ryousuke,JPN,,,89664,,"1 / (1)",5.07
541,Boland,Max,AUS,,,90536,,"1 / (1)",5.05
542,Shimizu,Ryouhei,JPN,,,91310,,"1 / (1)",4.96
543,Staehli,Mischa,SUI,,,91075,,"1 / (1)",4.95
544,Ono,Hiroshi,JPN,,,89525,,"1 / (1)",4.87
545,Dewan,Riley,CAN,22,"1997-09-24 00:00:00",89200,9100731,"1 / (1)",4.83
547,"De Lavigerie",Thomas,FRA,,,90462,9190370,"1 / (1)",4.47
548,Saitou,Atsushi,JPN,,,91311,,"1 / (1)",4.46
549,McInnis,Shayne,USA,,,85215,,"1 / (1)",4.33
550,Willams,Stanley,AUS,,,90550,,"1 / (1)",4.32
551,Ueda,Keisuke,JPN,,,81757,9300669,"1 / (1)",4.28
552,Watanabe,Yuji,JPN,,,91513,,"1 / (1)",4.25
553,Tarvainen,Harri,FIN,,,71920,9180142,"1 / (1)",4.03
554,Toukura,Hiroki,JPN,,,74540,,"1 / (1)",3.96
555,Lewis,Riley,CAN,20,"1999-09-10 00:00:00",87801,9100758,"1 / (1)",3.87
556,Silverthorn,Cole,CAN,16,"2003-06-18 00:00:00",87931,,"1 / (1)",3.82
557,Oomori,Toshiki,JPN,,,89552,,"1 / (1)",3.65
558,Tudhope,Ben,AUS,,,86233,9040226,"1 / (1)",3.59
559,Slavov,Konstantin,BUL,,,90080,9090123,"1 / (1)",3.33
561,Nakamine,Shaun,USA,,,90878,,"1 / (1)",3.11
562,Christensson,Kaeln,CAN,20,"1999-02-03 00:00:00",89188,9100714,"1 / (1)",2.90
563,Difazio,Zac,AUS,,,90558,,"1 / (1)",2.87
564,Griffin,Jack,USA,,,83249,9530959,"1 / (1)",2.80
565,Pearson,Stephen,USA,43,"1976-01-04 00:00:00",90783,,"1 / (1)",2.66
566,Buffey,William,CAN,17,"2002-07-16 00:00:00",90797,9100947,"1 / (1)",2.53
567,Ootsuka,Yuuta,JPN,,,89480,,"1 / (1)",2.47
568,Watanabe,Tatsuhiko,JPN,,,91431,,"1 / (1)",2.43
569,Wieland,Maxence,FRA,,,90470,,"1 / (1)",2.23
570,Fielder,Asher,AUS,,,90563,,"1 / (1)",2.15
571,Tanaka,Tatsuya,JPN,,,91508,,"1 / (1)",2.13
572,Senecal,Brayden,CAN,21,"1997-12-23 00:00:00",89196,,"1 / (1)",1.93
573,Strolz,Timo,SUI,,,91078,9510423,"1 / (1)",1.86
574,Ayoubi,Hudson,AUS,,,90538,,"1 / (1)",1.43
575,Brearley,Liam,CAN,16,"2003-02-27 00:00:00",87932,9101066,"1 / (1)",1.26
576,Igarashi,Kenji,JPN,,,89537,,"1 / (1)",1.21
577,Kashimura,Kazushige,JPN,,,91509,,"1 / (1)",1.06
578,Nishioka,Noriyoshi,JPN,,,91308,,"1 / (1)",0.99
579,Kristel,Cale,CAN,21,"1998-04-01 00:00:00",87794,,"1 / (1)",0.97
580,Simpson,Rellim,AUS,,,90547,,"1 / (1)",0.71
581,Rozas,Luis,SUI,,,91087,,"1 / (1)",0.62
581,Olschewski,Moritz,SUI,,,91074,,"1 / (1)",0.62
583,Ghezze,Federico,ITA,,,90875,,"1 / (1)",0.00
